-40,174
-41,-65
58,-3
-51,-74
-35,-68
58,-6
-44,147
-41,-74
-38,-71
-40,-71
-43,171
-40,177
-43,-66
-41,174
-37,144
-36,173
-49,-71
-42,-70
-47,-72
-42,174
-38,-62
-36,174
-51,-69
51,-6
-47,-73
-52,-58
-41,175
-47,167
-35,-63
-44,172
-40,143
-43,170
-38,-63
56,-6
-39,-61
-38,139
-36,140
-44,-74
-46,168
-71,11
-38,142
-37,-66
-38,174
-37,150
-45,170
-36,-62
-44,171
-43,-75
-36,149
51,-3
-37,149
-36,-64
52,-3
57,-3
-44,-66
-41,-66
-37,145
-46,-72
-40,-67
-39,145
-38,148
-36,147
-45,168
-39,146
-35,-64
-43,148
51,0
-50,-69
-39,-72
-38,176
-78,166
-36,117
-37,-59
-39,144
-39,178
-36,-63
-36,143
51,-1
-43,172
-47,-69
-54,73
-42,145
-41,-73
-46,-71
-40,-69
-39,-63
53,-1
-43,-72
-38,140
-41,148
51,-4
-46,-68
-50,-73
-38,-59
-43,174
-42,-75
-35,-61
55,-3
51,-2
-54,-68
-38,-57
-45,169
-37,-61
-36,-65
-42,175
-38,149
-42,-72
-41,-72
-37,-70
-42,-74
-43,-73
-40,175
-40,-66
-42,146
51,-5
-45,171
-38,-64
-36,-60
56,-3
-41,-63
-46,169
-40,-73
-80,60
-43,-65
-37,-71
-38,-72
-37,-62
52,-2
54,-5
56,-4
-39,-65
53,0
-40,-74
-37,175
55,-2
-39,-68
-35,-72
-35,-70
-44,-73
-44,146
52,0
-48,-68
-53,-72
-42,-71
-36,-58
-36,142
50,-1
-35,-71
-43,173
-39,-60
-39,143
-39,-58
-39,-70
-37,-74
52,-4
-37,-64
54,-4
-55,-68
-37,-63
-48,-74
-42,-73
-39,175
-52,-71
-40,173
50,-6
-54,-71
-38,178
-37,174
-38,141
-48,-66
-46,-73
-45,-72
-45,-66
-37,-57
-48,-73
-42,173
-36,150
-42,-64
-41,-68
-35,-73
-41,145
-39,-74
-38,-61
-46,167
-37,142
-36,-61
53,-3
-44,169
-39,147
-38,-65
-38,-70
-38,175
-37,-73
-37,140
-36,138
56,-5
-40,144
-46,170
-50,-68
-44,-67
-37,-67
-41,144
54,-1
-75,-106
-40,146
-37,146
53,-4
57,-5
-38,-68
50,0
-36,144
53,-5
54,-6
-47,-68
-40,-72
-41,173
-39,-71
-39,-62
-40,-63
-39,140
58,-5
-55,-69
-39,-73
52,-5
-36,-68
-38,145
-40,176
-40,-68
-35,-65
-52,-73
-41,-67
-40,-70
-36,-73
-64,-57
57,-2
-39,142
53,-2
-43,146
55,-5
-41,-64
-73,57
-41,-71
-39,-69
-36,-71
-39,-64
-38,-67
-36,146
55,-6
-38,143
-41,172
-38,144
-37,143
50,-5
-37,-60
-37,147
55,-4
-38,-69
-38,177
-36,-70
-36,148
-42,171
-37,-65
-37,148
-43,-68
-43,-74
58,-4
-44,-71
-43,145
-37,-72
-43,147
-52,-70
-37,-58
-36,145
-42,-63
-40,-62
-39,176
-36,137
50,-3
57,-6
-53,-70
-44,170
-47,168
-48,-72
-39,177
57,-4
54,-2
-38,-60
-47,169
-39,141
-38,-73
-47,-70
-38,147
50,-2
-42,-66
-44,168
-41,176
-38,-74
-37,-68
-43,-64
-38,146
-35,-69
-36,-66
-42,147
52,-1
-47,170
-38,-58
-51,-73
-42,148
-47,-71
-39,174
-35,-60
-36,-59
-37,141
-41,-69
-80,136
-37,139
54,-3
-42,-69
-36,139
-45,-71
-36,-72
-45,167
-44,-72
-42,172
-39,-59
-36,-69
50,-4
-35,-62
-53,-71
-45,-73